2959 104 12 110
2959 106 20 110
2959 107 28 110
2959 136 9 110
2959 157 7 110
2959 40 2 110
2959 41 27 110
2959 42 3 110
2959 43 2 110
2960 103 2 180
2960 104 17 180
2960 105 8 180
2960 106 60 180
2960 107 18 180
2960 108 2 180
2960 147 16 180
2960 156 4 180
2960 37 2 180
2960 40 1 180
2960 41 42 180
2960 42 1 180
2960 43 7 180
2962 119 9 9
2964 73 1 1
2967 126 3 42
2967 127 1 42
2967 153 19 42
2967 160 8 42
2967 161 11 42
2979 127 3 11
2979 130 8 11
2980 127 3 25
2980 128 14 25
2980 129 8 25
2981 111 4 6
2981 76 2 6
2987 119 7 7
2988 121 1 1
2991 118 2 7
2991 67 5 7
2992 149 1 4
2992 152 3 4
2995 141 2 2
2996 102 1 1
2998 130 23 35
2998 131 2 35
2998 137 3 35
2998 139 7 35
2999 138 6 6
3001 112 4 4
3002 79 2 2
3005 120 4 5
3005 38 1 5
3014 136 8 14
3014 146 6 14
3015 135 1 14
3015 136 2 14
3015 139 11 14
3016 135 4 8
3016 136 4 8
3017 141 5 6
3017 142 1 6
3018 141 6 19
3018 144 3 19
3018 160 10 19
3021 140 1 1
3028 100 4 17
3028 98 2 17
3028 99 11 17
3029 99 20 20
3034 155 8 109
3034 62 68 109
3034 63 7 109
3034 64 23 109
3034 65 3 109
3035 139 3 109
3035 141 5 109
3035 61 4 109
3035 62 34 109
3035 63 10 109
3035 64 51 109
3035 65 2 109
3039 137 7 7
3040 137 14 17
3040 141 3 17
3045 21 5 44
3045 23 37 44
3045 90 2 44
3046 102 4 20
3046 24 15 20
3046 90 1 20
3047 108 4 21
3047 128 9 21
3047 140 1 21
3047 95 7 21
3048 139 1 1
3049 161 3 3
3050 154 3 3
3053 127 6 14
3053 128 3 14
3053 130 1 14
3053 164 4 14
3054 100 5 22
3054 126 1 22
3054 127 16 22
3058 91 1 1
3059 102 7 7
3065 147 11 11
3066 102 9 13
3066 104 1 13
3066 19 1 13
3066 20 1 13
3066 21 1 13
